m,p,n,nb_interventions,method,random_state,disturbances,score,execution_time
6,4,500,0,directlimvam,0,gaussian,1,0.9309053421020508
6,4,500,0,mss,0,gaussian,0,5297.331999778748
6,4,500,0,directlimvam,1,gaussian,1,1.7308197021484375
6,4,500,0,mss,1,gaussian,0,5246.287777662277
6,4,500,0,directlimvam,2,gaussian,1,1.1635282039642334
6,4,500,0,mss,2,gaussian,0,5660.054203510284
6,4,500,0,directlimvam,3,gaussian,1,0.21093511581420898
6,4,500,0,mss,3,gaussian,0,5627.824551582336
6,4,500,0,directlimvam,4,gaussian,1,1.6701011657714844
6,4,500,0,mss,4,gaussian,0,5646.538011789322
6,4,500,0,directlimvam,5,gaussian,1,1.1669087409973145
6,4,500,0,mss,5,gaussian,0,5649.105155944824
6,4,500,0,directlimvam,6,gaussian,1,1.6799442768096924
6,4,500,0,mss,6,gaussian,0,5648.269687652588
6,4,500,0,directlimvam,7,gaussian,1,1.7308361530303955
6,4,500,0,mss,7,gaussian,0,5266.775427818298
6,4,500,0,directlimvam,8,gaussian,1,1.681440830230713
6,4,500,0,mss,8,gaussian,0,5656.970884561539
6,4,500,0,directlimvam,9,gaussian,1,1.166858196258545
6,4,500,0,mss,9,gaussian,0,5258.579446315765
6,4,500,0,directlimvam,10,gaussian,1,0.8125014305114746
6,4,500,0,mss,10,gaussian,0,5671.936433315277
6,4,500,0,directlimvam,11,gaussian,1,0.8060157299041748
6,4,500,0,mss,11,gaussian,0,5271.973776817322
6,4,500,0,directlimvam,12,gaussian,1,0.8014945983886719
6,4,500,0,mss,12,gaussian,0,5242.601830482483
6,4,500,0,directlimvam,13,gaussian,1,0.8067760467529297
6,4,500,0,mss,13,gaussian,1,5646.386077880859
6,4,500,0,directlimvam,14,gaussian,1,0.785057544708252
6,4,500,0,mss,14,gaussian,0,5208.062550067902
6,4,500,0,directlimvam,15,gaussian,1,0.15212702751159668
6,4,500,0,mss,15,gaussian,0,5677.174474239349
6,4,500,0,directlimvam,16,gaussian,1,0.10411906242370605
6,4,500,0,mss,16,gaussian,0,5663.976421117783
6,4,500,0,directlimvam,17,gaussian,1,0.08995485305786133
6,4,500,0,mss,17,gaussian,0,5642.659888267517
6,4,500,0,directlimvam,18,gaussian,1,0.0505216121673584
6,4,500,0,mss,18,gaussian,0,5313.777724027634
6,4,500,0,directlimvam,19,gaussian,1,0.019562482833862305
6,4,500,0,mss,19,gaussian,0,5685.487935066223
6,4,500,0,directlimvam,20,gaussian,1,0.006109476089477539
6,4,500,0,mss,20,gaussian,0,5010.8479878902435
6,4,500,0,directlimvam,21,gaussian,1,0.005948066711425781
6,4,500,0,mss,21,gaussian,0,5036.937810897827
6,4,500,0,directlimvam,22,gaussian,1,0.005860090255737305
6,4,500,0,mss,22,gaussian,0,5011.172243356705
6,4,500,0,directlimvam,23,gaussian,1,0.006003379821777344
6,4,500,0,mss,23,gaussian,0,5063.345194339752
6,4,500,0,directlimvam,24,gaussian,1,0.005739688873291016
6,4,500,0,mss,24,gaussian,0,5126.9953899383545
6,4,500,0,directlimvam,25,gaussian,1,0.005613565444946289
6,4,500,0,mss,25,gaussian,0,5045.537022829056
6,4,500,0,directlimvam,26,gaussian,1,0.005970478057861328
6,4,500,0,mss,26,gaussian,0,5110.355871677399
6,4,500,0,directlimvam,27,gaussian,1,0.005824565887451172
6,4,500,0,mss,27,gaussian,0,5015.85292506218
6,4,500,0,directlimvam,28,gaussian,1,0.01110982894897461
6,4,500,0,mss,28,gaussian,0,5087.107194185257
6,4,500,0,directlimvam,29,gaussian,1,0.005690813064575195
6,4,500,0,mss,29,gaussian,1,5010.804462194443
6,4,500,1,directlimvam,0,gaussian,1,0.005809307098388672
6,4,500,1,mss,0,gaussian,1,5031.466734409332
6,4,500,1,directlimvam,1,gaussian,1,0.005459308624267578
6,4,500,1,mss,1,gaussian,1,5018.967787027359
6,4,500,1,directlimvam,2,gaussian,1,0.005859375
6,4,500,1,mss,2,gaussian,1,5018.605734348297
6,4,500,1,directlimvam,3,gaussian,0,0.005582332611083984
6,4,500,1,mss,3,gaussian,0,5094.395580530167
6,4,500,1,directlimvam,4,gaussian,1,0.005757808685302734
6,4,500,1,mss,4,gaussian,0,5103.738450288773
6,4,500,1,directlimvam,5,gaussian,1,0.005989789962768555
6,4,500,1,mss,5,gaussian,0,5099.360518693924
6,4,500,1,directlimvam,6,gaussian,1,0.005881071090698242
6,4,500,1,mss,6,gaussian,1,5091.596607923508
6,4,500,1,directlimvam,7,gaussian,1,0.006440639495849609
6,4,500,1,mss,7,gaussian,0,5069.044631481171
6,4,500,1,directlimvam,8,gaussian,1,0.007514238357543945
6,4,500,1,mss,8,gaussian,0,5018.538289070129
6,4,500,1,directlimvam,9,gaussian,0,0.005620002746582031
6,4,500,1,mss,9,gaussian,0,5005.125602483749
6,4,500,1,directlimvam,10,gaussian,1,0.0062906742095947266
6,4,500,1,mss,10,gaussian,0,5167.485851287842
6,4,500,1,directlimvam,11,gaussian,1,0.005877256393432617
6,4,500,1,mss,11,gaussian,0,4968.338787078857
6,4,500,1,directlimvam,12,gaussian,1,0.0057790279388427734
6,4,500,1,mss,12,gaussian,0,5164.453057050705
6,4,500,1,directlimvam,13,gaussian,1,0.005800962448120117
6,4,500,1,mss,13,gaussian,0,5078.44503235817
6,4,500,1,directlimvam,14,gaussian,1,0.010335683822631836
6,4,500,1,mss,14,gaussian,0,4945.495493173599
6,4,500,1,directlimvam,15,gaussian,1,0.005670309066772461
6,4,500,1,mss,15,gaussian,0,5120.627584934235
6,4,500,1,directlimvam,16,gaussian,1,0.005637168884277344
6,4,500,1,mss,16,gaussian,0,4801.686487197876
6,4,500,1,directlimvam,17,gaussian,1,0.011043548583984375
6,4,500,1,mss,17,gaussian,0,4806.865736484528
6,4,500,1,directlimvam,18,gaussian,1,0.006310939788818359
6,4,500,1,mss,18,gaussian,0,4845.3618087768555
6,4,500,1,directlimvam,19,gaussian,1,0.005619525909423828
6,4,500,1,mss,19,gaussian,0,4856.9010763168335
6,4,500,1,directlimvam,20,gaussian,1,0.05068349838256836
6,4,500,1,mss,20,gaussian,1,4955.721153020859
6,4,500,1,directlimvam,21,gaussian,1,0.005821943283081055
6,4,500,1,mss,21,gaussian,1,5133.558982849121
6,4,500,1,directlimvam,22,gaussian,1,0.005563974380493164
6,4,500,1,mss,22,gaussian,0,4834.44578909874
6,4,500,1,directlimvam,23,gaussian,1,0.005824565887451172
6,4,500,1,mss,23,gaussian,0,5064.935295343399
6,4,500,1,directlimvam,24,gaussian,1,0.00570368766784668
6,4,500,1,mss,24,gaussian,1,5156.358158111572
6,4,500,1,directlimvam,25,gaussian,1,0.0066602230072021484
6,4,500,1,mss,25,gaussian,1,5184.676521539688
6,4,500,1,directlimvam,26,gaussian,1,0.005692481994628906
6,4,500,1,mss,26,gaussian,0,5060.074508666992
6,4,500,1,directlimvam,27,gaussian,1,0.005860090255737305
6,4,500,1,mss,27,gaussian,0,4994.283268451691
6,4,500,1,directlimvam,28,gaussian,1,0.00582122802734375
6,4,500,1,mss,28,gaussian,1,4870.848818778992
6,4,500,1,directlimvam,29,gaussian,1,0.005610227584838867
6,4,500,1,mss,29,gaussian,1,5010.64687871933
6,4,500,2,directlimvam,0,gaussian,1,0.00579524040222168
6,4,500,2,mss,0,gaussian,0,4899.59472155571
6,4,500,2,directlimvam,1,gaussian,1,0.005722999572753906
6,4,500,2,mss,1,gaussian,0,4965.455407381058
6,4,500,2,directlimvam,2,gaussian,1,0.005784511566162109
6,4,500,2,mss,2,gaussian,0,4972.77373456955
6,4,500,2,directlimvam,3,gaussian,1,0.0064046382904052734
6,4,500,2,mss,3,gaussian,0,5010.24907040596
6,4,500,2,directlimvam,4,gaussian,1,0.006043910980224609
6,4,500,2,mss,4,gaussian,1,5029.821604251862
6,4,500,2,directlimvam,5,gaussian,1,0.005608081817626953
6,4,500,2,mss,5,gaussian,0,5042.416779518127
6,4,500,2,directlimvam,6,gaussian,1,0.00599360466003418
6,4,500,2,mss,6,gaussian,0,4934.875822305679
6,4,500,2,directlimvam,7,gaussian,1,0.005621910095214844
6,4,500,2,mss,7,gaussian,0,5050.165870428085
6,4,500,2,directlimvam,8,gaussian,1,0.005900144577026367
6,4,500,2,mss,8,gaussian,1,4980.966729402542
6,4,500,2,directlimvam,9,gaussian,0,0.005797863006591797
6,4,500,2,mss,9,gaussian,1,4979.977853775024
6,4,500,2,directlimvam,10,gaussian,1,0.0056629180908203125
6,4,500,2,mss,10,gaussian,1,4892.75492811203
6,4,500,2,directlimvam,11,gaussian,1,0.005741119384765625
6,4,500,2,mss,11,gaussian,1,4974.7023367881775
6,4,500,2,directlimvam,12,gaussian,1,0.00921630859375
6,4,500,2,mss,12,gaussian,1,5006.429155111313
6,4,500,2,directlimvam,13,gaussian,1,0.005876302719116211
6,4,500,2,mss,13,gaussian,1,4986.086446762085
6,4,500,2,directlimvam,14,gaussian,1,0.0057048797607421875
6,4,500,2,mss,14,gaussian,1,4996.595228433609
6,4,500,2,directlimvam,15,gaussian,1,0.005625247955322266
6,4,500,2,mss,15,gaussian,0,5087.176209688187
6,4,500,2,directlimvam,16,gaussian,1,0.005976438522338867
6,4,500,2,mss,16,gaussian,0,4984.485457420349
6,4,500,2,directlimvam,17,gaussian,1,0.005907297134399414
6,4,500,2,mss,17,gaussian,1,5014.142455816269
6,4,500,2,directlimvam,18,gaussian,1,0.005597591400146484
6,4,500,2,mss,18,gaussian,1,4995.227374315262
6,4,500,2,directlimvam,19,gaussian,1,0.005650758743286133
6,4,500,2,mss,19,gaussian,0,4991.897474765778
6,4,500,2,directlimvam,20,gaussian,1,0.00600123405456543
6,4,500,2,mss,20,gaussian,0,5008.927258491516
6,4,500,2,directlimvam,21,gaussian,1,0.009909629821777344
6,4,500,2,mss,21,gaussian,1,5152.623755455017
6,4,500,2,directlimvam,22,gaussian,1,0.005594491958618164
6,4,500,2,mss,22,gaussian,0,5015.36514878273
6,4,500,2,directlimvam,23,gaussian,1,0.00620269775390625
6,4,500,2,mss,23,gaussian,1,4946.18367600441
6,4,500,2,directlimvam,24,gaussian,1,0.0058367252349853516
6,4,500,2,mss,24,gaussian,1,5015.2862548828125
6,4,500,2,directlimvam,25,gaussian,1,0.005845785140991211
6,4,500,2,mss,25,gaussian,0,5086.123220682144
6,4,500,2,directlimvam,26,gaussian,1,0.005794048309326172
6,4,500,2,mss,26,gaussian,0,4941.372316360474
6,4,500,2,directlimvam,27,gaussian,1,0.0055506229400634766
6,4,500,2,mss,27,gaussian,1,4968.674411535263
6,4,500,2,directlimvam,28,gaussian,1,0.005853414535522461
6,4,500,2,mss,28,gaussian,1,4970.77416062355
6,4,500,2,directlimvam,29,gaussian,1,0.00983572006225586
6,4,500,2,mss,29,gaussian,0,4911.829150438309
6,4,500,3,directlimvam,0,gaussian,1,0.0054798126220703125
6,4,500,3,mss,0,gaussian,0,4994.752996444702
6,4,500,3,directlimvam,1,gaussian,1,0.006072282791137695
6,4,500,3,mss,1,gaussian,1,4935.218836307526
6,4,500,3,directlimvam,2,gaussian,1,0.005575418472290039
6,4,500,3,mss,2,gaussian,0,4977.015780210495
6,4,500,3,directlimvam,3,gaussian,1,0.0058345794677734375
6,4,500,3,mss,3,gaussian,1,4930.433214187622
6,4,500,3,directlimvam,4,gaussian,1,0.005736351013183594
6,4,500,3,mss,4,gaussian,0,4911.977173566818
6,4,500,3,directlimvam,5,gaussian,1,0.0071218013763427734
6,4,500,3,mss,5,gaussian,0,4983.366660118103
6,4,500,3,directlimvam,6,gaussian,1,0.005896568298339844
6,4,500,3,mss,6,gaussian,1,4885.168225288391
6,4,500,3,directlimvam,7,gaussian,1,0.005686521530151367
6,4,500,3,mss,7,gaussian,0,4959.476509809494
6,4,500,3,directlimvam,8,gaussian,1,0.006069660186767578
6,4,500,3,mss,8,gaussian,0,4990.338438749313
6,4,500,3,directlimvam,9,gaussian,1,0.005640745162963867
6,4,500,3,mss,9,gaussian,1,5075.381535291672
6,4,500,3,directlimvam,10,gaussian,1,0.005743265151977539
6,4,500,3,mss,10,gaussian,0,5109.909172534943
6,4,500,3,directlimvam,11,gaussian,1,0.005831241607666016
6,4,500,3,mss,11,gaussian,1,5101.070184230804
6,4,500,3,directlimvam,12,gaussian,1,0.005828380584716797
6,4,500,3,mss,12,gaussian,0,5553.891464471817
6,4,500,3,directlimvam,13,gaussian,1,0.005746364593505859
6,4,500,3,mss,13,gaussian,0,5618.628970861435
6,4,500,3,directlimvam,14,gaussian,1,0.005716085433959961
6,4,500,3,mss,14,gaussian,0,5641.1221351623535
6,4,500,3,directlimvam,15,gaussian,1,0.0058858394622802734
6,4,500,3,mss,15,gaussian,0,5131.726308345795
6,4,500,3,directlimvam,16,gaussian,1,0.005733013153076172
6,4,500,3,mss,16,gaussian,0,5510.882695436478
6,4,500,3,directlimvam,17,gaussian,1,0.005568504333496094
6,4,500,3,mss,17,gaussian,0,5165.324669122696
6,4,500,3,directlimvam,18,gaussian,1,0.005745887756347656
6,4,500,3,mss,18,gaussian,1,5321.157902479172
6,4,500,3,directlimvam,19,gaussian,1,0.005726814270019531
6,4,500,3,mss,19,gaussian,0,5237.723854541779
6,4,500,3,directlimvam,20,gaussian,1,0.005746603012084961
6,4,500,3,mss,20,gaussian,0,5616.470742225647
6,4,500,3,directlimvam,21,gaussian,1,0.0059413909912109375
6,4,500,3,mss,21,gaussian,1,5525.470369338989
6,4,500,3,directlimvam,22,gaussian,1,0.0055811405181884766
6,4,500,3,mss,22,gaussian,0,5644.459962844849
6,4,500,3,directlimvam,23,gaussian,1,0.00640559196472168
6,4,500,3,mss,23,gaussian,0,5363.879851341248
6,4,500,3,directlimvam,24,gaussian,1,0.011262893676757812
6,4,500,3,mss,24,gaussian,1,5252.036892414093
6,4,500,3,directlimvam,25,gaussian,1,0.005686044692993164
6,4,500,3,mss,25,gaussian,0,5385.468342781067
6,4,500,3,directlimvam,26,gaussian,1,0.005785703659057617
6,4,500,3,mss,26,gaussian,1,5497.6791026592255
6,4,500,3,directlimvam,27,gaussian,1,0.005572795867919922
6,4,500,3,mss,27,gaussian,1,5679.757134437561
6,4,500,3,directlimvam,28,gaussian,1,0.005706071853637695
6,4,500,3,mss,28,gaussian,1,5622.7592096328735
6,4,500,3,directlimvam,29,gaussian,1,0.0054357051849365234
6,4,500,3,mss,29,gaussian,1,5578.561064481735
6,4,500,4,directlimvam,0,gaussian,1,0.010622978210449219
6,4,500,4,mss,0,gaussian,0,5403.0926921367645
6,4,500,4,directlimvam,1,gaussian,1,0.008834600448608398
6,4,500,4,mss,1,gaussian,1,5354.181959867477
6,4,500,4,directlimvam,2,gaussian,1,0.011561155319213867
6,4,500,4,mss,2,gaussian,0,5281.134450435638
6,4,500,4,directlimvam,3,gaussian,1,0.005692243576049805
6,4,500,4,mss,3,gaussian,1,5317.5892078876495
6,4,500,4,directlimvam,4,gaussian,1,0.007146358489990234
6,4,500,4,mss,4,gaussian,1,5238.716938257217
6,4,500,4,directlimvam,5,gaussian,1,0.006733894348144531
6,4,500,4,mss,5,gaussian,0,5225.937345504761
6,4,500,4,directlimvam,6,gaussian,1,0.005755901336669922
6,4,500,4,mss,6,gaussian,0,5234.837781667709
6,4,500,4,directlimvam,7,gaussian,1,0.006180524826049805
6,4,500,4,mss,7,gaussian,1,5237.0541203022
6,4,500,4,directlimvam,8,gaussian,1,0.005879640579223633
6,4,500,4,mss,8,gaussian,0,5205.817393064499
6,4,500,4,directlimvam,9,gaussian,1,0.010534524917602539
6,4,500,4,mss,9,gaussian,1,5235.4934413433075
6,4,500,4,directlimvam,10,gaussian,1,0.005986452102661133
6,4,500,4,mss,10,gaussian,1,5192.276351928711
6,4,500,4,directlimvam,11,gaussian,1,0.005705833435058594
6,4,500,4,mss,11,gaussian,1,5208.27806520462
6,4,500,4,directlimvam,12,gaussian,1,0.005868673324584961
6,4,500,4,mss,12,gaussian,0,5229.195763349533
6,4,500,4,directlimvam,13,gaussian,1,0.005819797515869141
6,4,500,4,mss,13,gaussian,1,5215.517720460892
6,4,500,4,directlimvam,14,gaussian,1,0.00551915168762207
6,4,500,4,mss,14,gaussian,0,5156.461092710495
6,4,500,4,directlimvam,15,gaussian,1,0.00571441650390625
6,4,500,4,mss,15,gaussian,1,5257.321563243866
6,4,500,4,directlimvam,16,gaussian,1,0.006016731262207031
6,4,500,4,mss,16,gaussian,0,5171.985758781433
6,4,500,4,directlimvam,17,gaussian,1,0.006512880325317383
6,4,500,4,mss,17,gaussian,0,5168.944409608841
6,4,500,4,directlimvam,18,gaussian,1,0.006049156188964844
6,4,500,4,mss,18,gaussian,1,5154.35577750206
6,4,500,4,directlimvam,19,gaussian,1,0.0066318511962890625
6,4,500,4,mss,19,gaussian,1,5229.121180057526
6,4,500,4,directlimvam,20,gaussian,1,0.005837440490722656
6,4,500,4,mss,20,gaussian,0,5227.736449718475
6,4,500,4,directlimvam,21,gaussian,1,0.0061032772064208984
6,4,500,4,mss,21,gaussian,0,5194.055004358292
6,4,500,4,directlimvam,22,gaussian,1,0.005687713623046875
6,4,500,4,mss,22,gaussian,0,5265.323538303375
6,4,500,4,directlimvam,23,gaussian,1,0.006916999816894531
6,4,500,4,mss,23,gaussian,0,5165.783396482468
6,4,500,4,directlimvam,24,gaussian,1,0.008397340774536133
6,4,500,4,mss,24,gaussian,0,5107.076168298721
6,4,500,4,directlimvam,25,gaussian,1,0.00589442253112793
6,4,500,4,mss,25,gaussian,0,5276.14248585701
6,4,500,4,directlimvam,26,gaussian,1,0.005911588668823242
6,4,500,4,mss,26,gaussian,0,5257.445423603058
6,4,500,4,directlimvam,27,gaussian,1,0.005850791931152344
6,4,500,4,mss,27,gaussian,1,5247.553555727005
6,4,500,4,directlimvam,28,gaussian,1,0.0058171749114990234
6,4,500,4,mss,28,gaussian,1,5255.108642578125
6,4,500,4,directlimvam,29,gaussian,1,0.005510807037353516
6,4,500,4,mss,29,gaussian,0,5272.488495111465
6,4,500,5,directlimvam,0,gaussian,1,0.005642414093017578
6,4,500,5,mss,0,gaussian,0,5176.125046491623
6,4,500,5,directlimvam,1,gaussian,1,0.0059413909912109375
6,4,500,5,mss,1,gaussian,0,5168.199537754059
6,4,500,5,directlimvam,2,gaussian,1,0.010711193084716797
6,4,500,5,mss,2,gaussian,1,5172.374915599823
6,4,500,5,directlimvam,3,gaussian,1,0.006249904632568359
6,4,500,5,mss,3,gaussian,0,5248.551424503326
6,4,500,5,directlimvam,4,gaussian,1,0.005664348602294922
6,4,500,5,mss,4,gaussian,0,5268.219401359558
6,4,500,5,directlimvam,5,gaussian,1,0.005957365036010742
6,4,500,5,mss,5,gaussian,0,5139.861861944199
6,4,500,5,directlimvam,6,gaussian,1,0.005547046661376953
6,4,500,5,mss,6,gaussian,1,5270.567151069641
6,4,500,5,directlimvam,7,gaussian,1,0.005903005599975586
6,4,500,5,mss,7,gaussian,1,5199.431942462921
6,4,500,5,directlimvam,8,gaussian,1,0.005754947662353516
6,4,500,5,mss,8,gaussian,0,5215.3139798641205
6,4,500,5,directlimvam,9,gaussian,1,0.006268501281738281
6,4,500,5,mss,9,gaussian,0,5180.632745742798
6,4,500,5,directlimvam,10,gaussian,1,0.005844593048095703
6,4,500,5,mss,10,gaussian,0,5049.867721319199
6,4,500,5,directlimvam,11,gaussian,1,0.005514383316040039
6,4,500,5,mss,11,gaussian,1,5074.590899705887
6,4,500,5,directlimvam,12,gaussian,1,0.005917787551879883
6,4,500,5,mss,12,gaussian,1,5237.885188341141
6,4,500,5,directlimvam,13,gaussian,1,0.005928516387939453
6,4,500,5,mss,13,gaussian,0,5059.469827413559
6,4,500,5,directlimvam,14,gaussian,1,0.005806684494018555
6,4,500,5,mss,14,gaussian,0,4916.915248394012
6,4,500,5,directlimvam,15,gaussian,1,0.006017923355102539
6,4,500,5,mss,15,gaussian,0,4911.005801916122
6,4,500,5,directlimvam,16,gaussian,1,0.0071675777435302734
6,4,500,5,mss,16,gaussian,0,5167.353710174561
6,4,500,5,directlimvam,17,gaussian,1,0.006520509719848633
6,4,500,5,mss,17,gaussian,0,5134.408201217651
6,4,500,5,directlimvam,18,gaussian,1,0.005776166915893555
6,4,500,5,mss,18,gaussian,0,4897.847331047058
6,4,500,5,directlimvam,19,gaussian,1,0.005845069885253906
6,4,500,5,mss,19,gaussian,0,5132.475766181946
6,4,500,5,directlimvam,20,gaussian,1,0.005718708038330078
6,4,500,5,mss,20,gaussian,0,4919.205642700195
6,4,500,5,directlimvam,21,gaussian,1,0.006247997283935547
6,4,500,5,mss,21,gaussian,0,5014.398635864258
6,4,500,5,directlimvam,22,gaussian,1,0.005856752395629883
6,4,500,5,mss,22,gaussian,0,4972.634067773819
6,4,500,5,directlimvam,23,gaussian,1,0.01083827018737793
6,4,500,5,mss,23,gaussian,1,5138.0598793029785
6,4,500,5,directlimvam,24,gaussian,1,0.0058383941650390625
6,4,500,5,mss,24,gaussian,0,5132.9634737968445
6,4,500,5,directlimvam,25,gaussian,1,0.0057773590087890625
6,4,500,5,mss,25,gaussian,0,5097.655068159103
6,4,500,5,directlimvam,26,gaussian,1,0.005688190460205078
6,4,500,5,mss,26,gaussian,0,4970.214507341385
6,4,500,5,directlimvam,27,gaussian,1,0.0058116912841796875
6,4,500,5,mss,27,gaussian,1,5015.757333755493
6,4,500,5,directlimvam,28,gaussian,1,0.005722522735595703
6,4,500,5,mss,28,gaussian,1,5108.393052339554
6,4,500,5,directlimvam,29,gaussian,1,0.01050424575805664
6,4,500,5,mss,29,gaussian,0,4967.35958313942
6,4,500,6,directlimvam,0,gaussian,1,0.005932331085205078
6,4,500,6,mss,0,gaussian,1,5657.4474267959595
6,4,500,6,directlimvam,1,gaussian,1,0.011134147644042969
6,4,500,6,mss,1,gaussian,0,5683.9466071128845
6,4,500,6,directlimvam,2,gaussian,1,0.005934000015258789
6,4,500,6,mss,2,gaussian,1,5642.0105566978455
6,4,500,6,directlimvam,3,gaussian,1,0.0058746337890625
6,4,500,6,mss,3,gaussian,0,5640.933858394623
6,4,500,6,directlimvam,4,gaussian,1,0.006025552749633789
6,4,500,6,mss,4,gaussian,1,5586.758917570114
6,4,500,6,directlimvam,5,gaussian,1,0.0056819915771484375
6,4,500,6,mss,5,gaussian,0,5593.996927499771
6,4,500,6,directlimvam,6,gaussian,1,0.005864620208740234
6,4,500,6,mss,6,gaussian,0,5658.848581790924
6,4,500,6,directlimvam,7,gaussian,1,0.00536799430847168
6,4,500,6,mss,7,gaussian,0,5634.950417757034
6,4,500,6,directlimvam,8,gaussian,1,0.011811494827270508
6,4,500,6,mss,8,gaussian,1,5611.216438293457
6,4,500,6,directlimvam,9,gaussian,1,0.005638599395751953
6,4,500,6,mss,9,gaussian,0,5032.563120365143
6,4,500,6,directlimvam,10,gaussian,1,0.005787849426269531
6,4,500,6,mss,10,gaussian,0,4940.978041172028
6,4,500,6,directlimvam,11,gaussian,1,0.010770797729492188
6,4,500,6,mss,11,gaussian,0,5061.1931183338165
6,4,500,6,directlimvam,12,gaussian,1,0.0061495304107666016
6,4,500,6,mss,12,gaussian,0,5354.900182008743
6,4,500,6,directlimvam,13,gaussian,1,0.005929470062255859
6,4,500,6,mss,13,gaussian,0,5029.212849378586
6,4,500,6,directlimvam,14,gaussian,1,0.005846500396728516
6,4,500,6,mss,14,gaussian,0,5118.156768083572
6,4,500,6,directlimvam,15,gaussian,1,0.0056133270263671875
6,4,500,6,mss,15,gaussian,0,5503.2961502075195
6,4,500,6,directlimvam,16,gaussian,1,0.00653386116027832
6,4,500,6,mss,16,gaussian,0,5487.661262512207
6,4,500,6,directlimvam,17,gaussian,1,0.00588536262512207
6,4,500,6,mss,17,gaussian,0,5078.024971961975
6,4,500,6,directlimvam,18,gaussian,1,0.005838632583618164
6,4,500,6,mss,18,gaussian,0,5142.601174116135
6,4,500,6,directlimvam,19,gaussian,1,0.0055637359619140625
6,4,500,6,mss,19,gaussian,0,5374.309197664261
6,4,500,6,directlimvam,20,gaussian,1,0.008600234985351562
6,4,500,6,mss,20,gaussian,0,2614.8058269023895
6,4,500,6,directlimvam,21,gaussian,1,0.00586247444152832
6,4,500,6,mss,21,gaussian,0,2647.3045542240143
6,4,500,6,directlimvam,22,gaussian,1,0.005598306655883789
6,4,500,6,mss,22,gaussian,0,2532.3840849399567
6,4,500,6,directlimvam,23,gaussian,1,0.0056989192962646484
6,4,500,6,mss,23,gaussian,0,2572.1907629966736
6,4,500,6,directlimvam,24,gaussian,1,0.005377292633056641
6,4,500,6,mss,24,gaussian,1,2526.3423397541046
6,4,500,6,directlimvam,25,gaussian,1,0.005976200103759766
6,4,500,6,mss,25,gaussian,0,2502.2243959903717
6,4,500,6,directlimvam,26,gaussian,1,0.00567936897277832
6,4,500,6,mss,26,gaussian,0,2409.9255192279816
6,4,500,6,directlimvam,27,gaussian,1,0.006148338317871094
6,4,500,6,mss,27,gaussian,0,2363.5504701137543
6,4,500,6,directlimvam,28,gaussian,1,0.012878656387329102
6,4,500,6,mss,28,gaussian,1,2387.4886605739594
6,4,500,6,directlimvam,29,gaussian,1,0.005593299865722656
6,4,500,6,mss,29,gaussian,0,2367.706174850464
