m,p,n,nb_interventions,method,random_state,disturbances,score,execution_time
5,3,100,0,directlimvam,0,gaussian,1,0.021548748016357422
5,3,100,0,mss,0,gaussian,0,41.41168475151062
5,3,100,0,directlimvam,1,gaussian,0,0.042098283767700195
5,3,100,0,mss,1,gaussian,0,37.88654804229736
5,3,100,0,directlimvam,2,gaussian,1,0.0316622257232666
5,3,100,0,mss,2,gaussian,1,41.88062858581543
5,3,100,0,directlimvam,3,gaussian,1,0.009552955627441406
5,3,100,0,mss,3,gaussian,0,39.897645711898804
5,3,100,0,directlimvam,4,gaussian,1,0.018029451370239258
5,3,100,0,mss,4,gaussian,0,40.520105600357056
5,3,100,0,directlimvam,5,gaussian,1,0.0488438606262207
5,3,100,0,mss,5,gaussian,0,40.168049335479736
5,3,100,0,directlimvam,6,gaussian,1,0.07015800476074219
5,3,100,0,mss,6,gaussian,0,40.439833641052246
5,3,100,0,directlimvam,7,gaussian,1,0.005648136138916016
5,3,100,0,mss,7,gaussian,0,42.65340328216553
5,3,100,0,directlimvam,8,gaussian,1,0.041657447814941406
5,3,100,0,mss,8,gaussian,0,40.227251052856445
5,3,100,0,directlimvam,9,gaussian,1,0.034459829330444336
5,3,100,0,mss,9,gaussian,0,38.8519024848938
5,3,100,1,directlimvam,0,gaussian,1,0.012085914611816406
5,3,100,1,mss,0,gaussian,0,37.602625608444214
5,3,100,1,directlimvam,1,gaussian,1,0.046251773834228516
5,3,100,1,mss,1,gaussian,0,40.99628710746765
5,3,100,1,directlimvam,2,gaussian,1,0.04075789451599121
5,3,100,1,mss,2,gaussian,1,39.91765522956848
5,3,100,1,directlimvam,3,gaussian,1,0.009533166885375977
5,3,100,1,mss,3,gaussian,0,39.28437042236328
5,3,100,1,directlimvam,4,gaussian,1,0.012250900268554688
5,3,100,1,mss,4,gaussian,0,39.18529176712036
5,3,100,1,directlimvam,5,gaussian,1,0.021166086196899414
5,3,100,1,mss,5,gaussian,1,39.8781259059906
5,3,100,1,directlimvam,6,gaussian,1,0.0168001651763916
5,3,100,1,mss,6,gaussian,1,39.0517463684082
5,3,100,1,directlimvam,7,gaussian,1,0.006688594818115234
5,3,100,1,mss,7,gaussian,0,40.75594997406006
5,3,100,1,directlimvam,8,gaussian,1,0.005752086639404297
5,3,100,1,mss,8,gaussian,0,38.13168668746948
5,3,100,1,directlimvam,9,gaussian,1,0.17292046546936035
5,3,100,1,mss,9,gaussian,1,38.4491126537323
5,3,100,2,directlimvam,0,gaussian,1,0.013584613800048828
5,3,100,2,mss,0,gaussian,0,39.21099781990051
5,3,100,2,directlimvam,1,gaussian,1,0.007414102554321289
5,3,100,2,mss,1,gaussian,0,39.11259627342224
5,3,100,2,directlimvam,2,gaussian,1,0.015042781829833984
5,3,100,2,mss,2,gaussian,0,39.66144895553589
5,3,100,2,directlimvam,3,gaussian,1,0.016766786575317383
5,3,100,2,mss,3,gaussian,1,38.458012342453
5,3,100,2,directlimvam,4,gaussian,1,0.05039811134338379
5,3,100,2,mss,4,gaussian,0,37.769123792648315
5,3,100,2,directlimvam,5,gaussian,1,0.015118837356567383
5,3,100,2,mss,5,gaussian,1,38.97472906112671
5,3,100,2,directlimvam,6,gaussian,1,0.007884502410888672
5,3,100,2,mss,6,gaussian,1,37.77843451499939
5,3,100,2,directlimvam,7,gaussian,1,0.05841970443725586
5,3,100,2,mss,7,gaussian,0,38.15515947341919
5,3,100,2,directlimvam,8,gaussian,1,0.01664423942565918
5,3,100,2,mss,8,gaussian,0,38.21726584434509
5,3,100,2,directlimvam,9,gaussian,1,0.004918336868286133
5,3,100,2,mss,9,gaussian,1,37.935467004776
5,3,100,3,directlimvam,0,gaussian,1,0.019263744354248047
5,3,100,3,mss,0,gaussian,0,37.99359369277954
5,3,100,3,directlimvam,1,gaussian,1,0.004994869232177734
5,3,100,3,mss,1,gaussian,0,38.09922790527344
5,3,100,3,directlimvam,2,gaussian,1,0.015207290649414062
5,3,100,3,mss,2,gaussian,0,38.152616024017334
5,3,100,3,directlimvam,3,gaussian,1,0.021207094192504883
5,3,100,3,mss,3,gaussian,0,38.006030797958374
5,3,100,3,directlimvam,4,gaussian,1,0.016570091247558594
5,3,100,3,mss,4,gaussian,0,37.5216543674469
5,3,100,3,directlimvam,5,gaussian,1,0.005423307418823242
5,3,100,3,mss,5,gaussian,0,37.399295806884766
5,3,100,3,directlimvam,6,gaussian,1,0.009715080261230469
5,3,100,3,mss,6,gaussian,1,37.12369441986084
5,3,100,3,directlimvam,7,gaussian,1,0.002097606658935547
5,3,100,3,mss,7,gaussian,0,37.153523683547974
5,3,100,3,directlimvam,8,gaussian,1,0.015095710754394531
5,3,100,3,mss,8,gaussian,0,36.50721788406372
5,3,100,3,directlimvam,9,gaussian,1,0.008461475372314453
5,3,100,3,mss,9,gaussian,1,35.711008071899414
