m,p,n,nb_interventions,method,random_state,disturbances,score,execution_time
8,3,100,0,directlimvam,0,gaussian,1,0.10539007186889648
8,3,100,0,mss,0,gaussian,0,111.70110988616943
8,3,100,0,directlimvam,1,gaussian,1,0.1754162311553955
8,3,100,0,mss,1,gaussian,0,108.69167351722717
8,3,100,0,directlimvam,2,gaussian,1,0.17138981819152832
8,3,100,0,mss,2,gaussian,0,111.37643194198608
8,3,100,0,directlimvam,3,gaussian,1,0.10858297348022461
8,3,100,0,mss,3,gaussian,0,109.42767429351807
8,3,100,0,directlimvam,4,gaussian,0,0.10196208953857422
8,3,100,0,mss,4,gaussian,0,110.44638085365295
8,3,100,0,directlimvam,5,gaussian,1,0.09542608261108398
8,3,100,0,mss,5,gaussian,0,108.9195306301117
8,3,100,0,directlimvam,6,gaussian,1,0.11983084678649902
8,3,100,0,mss,6,gaussian,0,108.6709053516388
8,3,100,0,directlimvam,7,gaussian,1,0.1351168155670166
8,3,100,0,mss,7,gaussian,0,107.8419783115387
8,3,100,0,directlimvam,8,gaussian,1,0.14226007461547852
8,3,100,0,mss,8,gaussian,0,111.47674059867859
8,3,100,0,directlimvam,9,gaussian,1,0.14131617546081543
8,3,100,0,mss,9,gaussian,0,109.70981001853943
8,3,100,0,directlimvam,10,gaussian,1,0.10787343978881836
8,3,100,0,mss,10,gaussian,0,109.38423085212708
8,3,100,0,directlimvam,11,gaussian,1,0.08996462821960449
8,3,100,0,mss,11,gaussian,0,109.99675750732422
8,3,100,0,directlimvam,12,gaussian,1,0.0734097957611084
8,3,100,0,mss,12,gaussian,1,109.58012819290161
8,3,100,0,directlimvam,13,gaussian,1,0.06132960319519043
8,3,100,0,mss,13,gaussian,1,109.96363854408264
8,3,100,0,directlimvam,14,gaussian,1,0.06199932098388672
8,3,100,0,mss,14,gaussian,0,107.11380004882812
8,3,100,0,directlimvam,15,gaussian,1,0.04868173599243164
8,3,100,0,mss,15,gaussian,1,111.25864171981812
8,3,100,0,directlimvam,16,gaussian,0,0.1838212013244629
8,3,100,0,mss,16,gaussian,0,111.10215258598328
8,3,100,0,directlimvam,17,gaussian,1,0.1991889476776123
8,3,100,0,mss,17,gaussian,0,110.44684767723083
8,3,100,0,directlimvam,18,gaussian,1,0.033883094787597656
8,3,100,0,mss,18,gaussian,0,108.9191620349884
8,3,100,0,directlimvam,19,gaussian,1,0.017671585083007812
8,3,100,0,mss,19,gaussian,0,108.93939709663391
8,3,100,0,directlimvam,20,gaussian,1,0.21195101737976074
8,3,100,0,mss,20,gaussian,0,106.27169561386108
8,3,100,0,directlimvam,21,gaussian,1,0.22359085083007812
8,3,100,0,mss,21,gaussian,1,106.32111930847168
8,3,100,0,directlimvam,22,gaussian,1,0.13824009895324707
8,3,100,0,mss,22,gaussian,0,105.65304112434387
8,3,100,0,directlimvam,23,gaussian,1,0.18649816513061523
8,3,100,0,mss,23,gaussian,1,106.01824951171875
8,3,100,0,directlimvam,24,gaussian,1,0.2100696563720703
8,3,100,0,mss,24,gaussian,0,105.78016567230225
8,3,100,0,directlimvam,25,gaussian,1,0.08159685134887695
8,3,100,0,mss,25,gaussian,0,104.67496943473816
8,3,100,0,directlimvam,26,gaussian,1,0.10275101661682129
8,3,100,0,mss,26,gaussian,0,107.64475202560425
8,3,100,0,directlimvam,27,gaussian,0,0.18165802955627441
8,3,100,0,mss,27,gaussian,0,107.39328742027283
8,3,100,0,directlimvam,28,gaussian,1,0.07028412818908691
8,3,100,0,mss,28,gaussian,0,105.26408052444458
8,3,100,0,directlimvam,29,gaussian,1,0.09972214698791504
8,3,100,0,mss,29,gaussian,0,106.78696727752686
8,3,100,1,directlimvam,0,gaussian,1,0.11887669563293457
8,3,100,1,mss,0,gaussian,0,104.74585509300232
8,3,100,1,directlimvam,1,gaussian,1,0.2639427185058594
8,3,100,1,mss,1,gaussian,0,105.51191425323486
8,3,100,1,directlimvam,2,gaussian,1,0.17381501197814941
8,3,100,1,mss,2,gaussian,0,106.117196559906
8,3,100,1,directlimvam,3,gaussian,1,0.14085173606872559
8,3,100,1,mss,3,gaussian,0,105.62378811836243
8,3,100,1,directlimvam,4,gaussian,1,0.10418581962585449
8,3,100,1,mss,4,gaussian,0,106.69268989562988
8,3,100,1,directlimvam,5,gaussian,1,0.09205484390258789
8,3,100,1,mss,5,gaussian,1,105.62238645553589
8,3,100,1,directlimvam,6,gaussian,1,0.12858819961547852
8,3,100,1,mss,6,gaussian,0,104.21507430076599
8,3,100,1,directlimvam,7,gaussian,1,0.13725996017456055
8,3,100,1,mss,7,gaussian,0,104.93616771697998
8,3,100,1,directlimvam,8,gaussian,1,0.07927489280700684
8,3,100,1,mss,8,gaussian,0,106.37918329238892
8,3,100,1,directlimvam,9,gaussian,1,0.15046119689941406
8,3,100,1,mss,9,gaussian,0,105.57509756088257
8,3,100,1,directlimvam,10,gaussian,1,0.1783428192138672
8,3,100,1,mss,10,gaussian,1,106.29997658729553
8,3,100,1,directlimvam,11,gaussian,1,0.07868528366088867
8,3,100,1,mss,11,gaussian,1,104.4839346408844
8,3,100,1,directlimvam,12,gaussian,1,0.09959983825683594
8,3,100,1,mss,12,gaussian,1,105.29931902885437
8,3,100,1,directlimvam,13,gaussian,1,0.14430785179138184
8,3,100,1,mss,13,gaussian,1,104.68939232826233
8,3,100,1,directlimvam,14,gaussian,1,0.14318323135375977
8,3,100,1,mss,14,gaussian,0,105.66031551361084
8,3,100,1,directlimvam,15,gaussian,1,0.13867712020874023
8,3,100,1,mss,15,gaussian,0,104.24534010887146
8,3,100,1,directlimvam,16,gaussian,1,0.08817577362060547
8,3,100,1,mss,16,gaussian,1,106.55080032348633
8,3,100,1,directlimvam,17,gaussian,1,0.12092065811157227
8,3,100,1,mss,17,gaussian,0,106.05880093574524
8,3,100,1,directlimvam,18,gaussian,1,0.16839361190795898
8,3,100,1,mss,18,gaussian,1,104.93187499046326
8,3,100,1,directlimvam,19,gaussian,1,0.08886432647705078
8,3,100,1,mss,19,gaussian,0,106.98861074447632
8,3,100,1,directlimvam,20,gaussian,1,0.11679625511169434
8,3,100,1,mss,20,gaussian,0,105.8541374206543
8,3,100,1,directlimvam,21,gaussian,1,0.13653349876403809
8,3,100,1,mss,21,gaussian,1,104.83360457420349
8,3,100,1,directlimvam,22,gaussian,1,0.09994339942932129
8,3,100,1,mss,22,gaussian,0,106.17113018035889
8,3,100,1,directlimvam,23,gaussian,1,0.09102439880371094
8,3,100,1,mss,23,gaussian,0,105.07925295829773
8,3,100,1,directlimvam,24,gaussian,1,0.2043154239654541
8,3,100,1,mss,24,gaussian,1,106.84942364692688
8,3,100,1,directlimvam,25,gaussian,1,0.17952704429626465
8,3,100,1,mss,25,gaussian,0,105.73864936828613
8,3,100,1,directlimvam,26,gaussian,1,0.15985751152038574
8,3,100,1,mss,26,gaussian,1,105.40591025352478
8,3,100,1,directlimvam,27,gaussian,1,0.0995931625366211
8,3,100,1,mss,27,gaussian,1,105.34811854362488
8,3,100,1,directlimvam,28,gaussian,1,0.12815022468566895
8,3,100,1,mss,28,gaussian,0,105.38130378723145
8,3,100,1,directlimvam,29,gaussian,1,0.09026098251342773
8,3,100,1,mss,29,gaussian,1,106.87745213508606
8,3,100,2,directlimvam,0,gaussian,1,0.09211158752441406
8,3,100,2,mss,0,gaussian,1,103.60020422935486
8,3,100,2,directlimvam,1,gaussian,1,0.06944990158081055
8,3,100,2,mss,1,gaussian,1,104.5445282459259
8,3,100,2,directlimvam,2,gaussian,1,0.1431593894958496
8,3,100,2,mss,2,gaussian,1,103.83594131469727
8,3,100,2,directlimvam,3,gaussian,1,0.19490551948547363
8,3,100,2,mss,3,gaussian,1,103.61397910118103
8,3,100,2,directlimvam,4,gaussian,1,0.13863229751586914
8,3,100,2,mss,4,gaussian,1,105.25864815711975
8,3,100,2,directlimvam,5,gaussian,1,0.19160771369934082
8,3,100,2,mss,5,gaussian,1,104.88900113105774
8,3,100,2,directlimvam,6,gaussian,1,0.2007765769958496
8,3,100,2,mss,6,gaussian,0,104.541921377182
8,3,100,2,directlimvam,7,gaussian,1,0.21196246147155762
8,3,100,2,mss,7,gaussian,0,104.2269937992096
8,3,100,2,directlimvam,8,gaussian,1,0.1765739917755127
8,3,100,2,mss,8,gaussian,0,103.709547996521
8,3,100,2,directlimvam,9,gaussian,1,0.09671354293823242
8,3,100,2,mss,9,gaussian,1,106.12316679954529
8,3,100,2,directlimvam,10,gaussian,1,0.11479520797729492
8,3,100,2,mss,10,gaussian,1,106.4816906452179
8,3,100,2,directlimvam,11,gaussian,1,0.09596014022827148
8,3,100,2,mss,11,gaussian,1,103.88796043395996
8,3,100,2,directlimvam,12,gaussian,1,0.11659955978393555
8,3,100,2,mss,12,gaussian,0,104.65504240989685
8,3,100,2,directlimvam,13,gaussian,1,0.10420584678649902
8,3,100,2,mss,13,gaussian,1,104.17540121078491
8,3,100,2,directlimvam,14,gaussian,1,0.19034743309020996
8,3,100,2,mss,14,gaussian,0,104.38517022132874
8,3,100,2,directlimvam,15,gaussian,1,0.1739182472229004
8,3,100,2,mss,15,gaussian,0,104.22176313400269
8,3,100,2,directlimvam,16,gaussian,1,0.11311030387878418
8,3,100,2,mss,16,gaussian,1,105.37673783302307
8,3,100,2,directlimvam,17,gaussian,1,0.19150876998901367
8,3,100,2,mss,17,gaussian,1,105.75359535217285
8,3,100,2,directlimvam,18,gaussian,1,0.13686037063598633
8,3,100,2,mss,18,gaussian,0,105.43358707427979
8,3,100,2,directlimvam,19,gaussian,1,0.062100887298583984
8,3,100,2,mss,19,gaussian,0,103.52669286727905
8,3,100,2,directlimvam,20,gaussian,1,0.2903876304626465
8,3,100,2,mss,20,gaussian,0,104.12461972236633
8,3,100,2,directlimvam,21,gaussian,1,0.059653282165527344
8,3,100,2,mss,21,gaussian,1,103.52185487747192
8,3,100,2,directlimvam,22,gaussian,1,0.19582366943359375
8,3,100,2,mss,22,gaussian,1,105.317538022995
8,3,100,2,directlimvam,23,gaussian,1,0.02481842041015625
8,3,100,2,mss,23,gaussian,0,104.8587441444397
8,3,100,2,directlimvam,24,gaussian,1,0.18265104293823242
8,3,100,2,mss,24,gaussian,0,106.15888452529907
8,3,100,2,directlimvam,25,gaussian,1,0.1777515411376953
8,3,100,2,mss,25,gaussian,0,104.58067989349365
8,3,100,2,directlimvam,26,gaussian,1,0.2121589183807373
8,3,100,2,mss,26,gaussian,0,104.38948512077332
8,3,100,2,directlimvam,27,gaussian,1,0.15498995780944824
8,3,100,2,mss,27,gaussian,0,104.41284799575806
8,3,100,2,directlimvam,28,gaussian,1,0.23356056213378906
8,3,100,2,mss,28,gaussian,0,103.64939999580383
8,3,100,2,directlimvam,29,gaussian,1,0.2085247039794922
8,3,100,2,mss,29,gaussian,0,104.30860304832458
8,3,100,3,directlimvam,0,gaussian,1,0.09115433692932129
8,3,100,3,mss,0,gaussian,1,104.31046223640442
8,3,100,3,directlimvam,1,gaussian,1,0.15464353561401367
8,3,100,3,mss,1,gaussian,1,105.43835353851318
8,3,100,3,directlimvam,2,gaussian,1,0.15691328048706055
8,3,100,3,mss,2,gaussian,0,104.70247268676758
8,3,100,3,directlimvam,3,gaussian,1,0.172959566116333
8,3,100,3,mss,3,gaussian,0,103.16884541511536
8,3,100,3,directlimvam,4,gaussian,1,0.14716267585754395
8,3,100,3,mss,4,gaussian,0,105.93311190605164
8,3,100,3,directlimvam,5,gaussian,1,0.20799660682678223
8,3,100,3,mss,5,gaussian,1,104.033038854599
8,3,100,3,directlimvam,6,gaussian,1,0.17909502983093262
8,3,100,3,mss,6,gaussian,1,103.6364803314209
8,3,100,3,directlimvam,7,gaussian,1,0.16018271446228027
8,3,100,3,mss,7,gaussian,1,105.13331747055054
8,3,100,3,directlimvam,8,gaussian,1,0.10810232162475586
8,3,100,3,mss,8,gaussian,1,103.98632264137268
8,3,100,3,directlimvam,9,gaussian,1,0.09961080551147461
8,3,100,3,mss,9,gaussian,1,104.86811232566833
8,3,100,3,directlimvam,10,gaussian,1,0.21448469161987305
8,3,100,3,mss,10,gaussian,1,103.96759724617004
8,3,100,3,directlimvam,11,gaussian,1,0.02932000160217285
8,3,100,3,mss,11,gaussian,0,104.24774670600891
8,3,100,3,directlimvam,12,gaussian,1,0.13010954856872559
8,3,100,3,mss,12,gaussian,0,104.36737132072449
8,3,100,3,directlimvam,13,gaussian,1,0.1235971450805664
8,3,100,3,mss,13,gaussian,1,104.63783764839172
8,3,100,3,directlimvam,14,gaussian,1,0.18883872032165527
8,3,100,3,mss,14,gaussian,0,106.60562682151794
8,3,100,3,directlimvam,15,gaussian,1,0.12248539924621582
8,3,100,3,mss,15,gaussian,0,104.39419841766357
8,3,100,3,directlimvam,16,gaussian,1,0.10261774063110352
8,3,100,3,mss,16,gaussian,0,104.8324875831604
8,3,100,3,directlimvam,17,gaussian,1,0.2319962978363037
8,3,100,3,mss,17,gaussian,0,103.89266729354858
8,3,100,3,directlimvam,18,gaussian,1,0.18118762969970703
8,3,100,3,mss,18,gaussian,0,104.27392768859863
8,3,100,3,directlimvam,19,gaussian,1,0.09574604034423828
8,3,100,3,mss,19,gaussian,1,104.48301959037781
8,3,100,3,directlimvam,20,gaussian,1,0.10745716094970703
8,3,100,3,mss,20,gaussian,1,104.24244403839111
8,3,100,3,directlimvam,21,gaussian,1,0.08284378051757812
8,3,100,3,mss,21,gaussian,1,104.3428726196289
8,3,100,3,directlimvam,22,gaussian,1,0.1608107089996338
8,3,100,3,mss,22,gaussian,0,103.60734868049622
8,3,100,3,directlimvam,23,gaussian,1,0.14837002754211426
8,3,100,3,mss,23,gaussian,1,103.75487971305847
8,3,100,3,directlimvam,24,gaussian,1,0.15614867210388184
8,3,100,3,mss,24,gaussian,1,103.96401977539062
8,3,100,3,directlimvam,25,gaussian,1,0.10930371284484863
8,3,100,3,mss,25,gaussian,0,103.5102424621582
8,3,100,3,directlimvam,26,gaussian,1,0.11617898941040039
8,3,100,3,mss,26,gaussian,0,102.96286416053772
8,3,100,3,directlimvam,27,gaussian,1,0.1369342803955078
8,3,100,3,mss,27,gaussian,1,102.62008738517761
8,3,100,3,directlimvam,28,gaussian,1,0.11804556846618652
8,3,100,3,mss,28,gaussian,0,102.24645662307739
8,3,100,3,directlimvam,29,gaussian,1,0.1330556869506836
8,3,100,3,mss,29,gaussian,0,101.93755602836609
