cross_view_correlations,cross_variable_correlations,random_state,score_assump,error_B,corr_P_spearmanr,error_P_exact
True,True,0,0.8024748152101204,6.434240985972297e-05,1.0,0
True,True,1,0.8614287699733642,0.00012891199319816954,1.0,0
True,True,2,0.8175155861601882,0.0001091747034328129,1.0,0
True,True,3,0.8470097952287724,6.940585153482264e-05,1.0,0
True,True,4,0.7800577213144402,8.440842737138387e-05,1.0,0
True,True,5,0.8253490642347361,0.0001238275262812569,1.0,0
True,True,6,0.8590448805659953,6.219866262354889e-05,1.0,0
True,True,7,0.8087318525168398,0.00010841253999652806,1.0,0
True,True,8,0.8414970281648833,0.00020549893642510052,1.0,0
True,True,9,0.8321148228260287,7.60378138184045e-05,1.0,0
True,True,10,0.8129419421829994,8.651195901014122e-05,1.0,0
True,True,11,0.8768316009259033,0.0001458224368871769,1.0,0
True,True,12,0.7994301022198631,6.943725592828675e-05,1.0,0
True,True,13,0.7990157116544204,0.00011975578228330229,1.0,0
True,True,14,0.8349347863205551,0.00022779100016251792,1.0,0
True,True,15,0.8394920486645878,9.834752244848519e-05,1.0,0
True,True,16,0.8444747089945965,0.0001295959945152923,1.0,0
True,True,17,0.8065048955663277,0.00010133049507651514,1.0,0
True,True,18,0.8261778735855302,0.00012369324334657688,1.0,0
True,True,19,0.808971211554689,0.00015414625203178487,1.0,0
True,True,20,0.8314347612556121,0.0001338931329769086,1.0,0
True,True,21,0.8505884141033642,0.000158834148435314,1.0,0
True,True,22,0.8436099194032787,0.00014727694937011557,1.0,0
True,True,23,0.8239641825667301,8.575814022954196e-05,1.0,0
True,True,24,0.8336054522036732,0.00018897730279716297,1.0,0
True,True,25,0.8243891727394754,0.00011803304258570993,1.0,0
True,True,26,0.8328929516723615,5.519092341686642e-05,1.0,0
True,True,27,0.8833979730260625,0.00011471852474890593,1.0,0
True,True,28,0.8350786664919125,7.965242683624448e-05,1.0,0
True,True,29,0.8344254416155358,0.0001716360647527473,1.0,0
True,True,30,0.8374129590148721,8.891651477075807e-05,1.0,0
True,True,31,0.8166203363865957,0.00017424761861233788,1.0,0
True,True,32,0.879919668512242,2.983848008964415e-05,1.0,0
True,True,33,0.8060401669317223,8.830631698128008e-05,1.0,0
True,True,34,0.8361313354665328,0.00011647235061199781,1.0,0
True,True,35,0.8138245300312472,7.175887388059056e-05,1.0,0
True,True,36,0.8098234539368825,0.00011351018687715915,1.0,0
True,True,37,0.8180786610208998,0.00014094183263954957,1.0,0
True,True,38,0.8101673068966225,0.000164748583795812,1.0,0
True,True,39,0.827927197991812,8.673352278060312e-05,1.0,0
True,True,40,0.8062387932229894,9.342992791453222e-05,1.0,0
True,True,41,0.8425576886656426,0.00014416874778724791,1.0,0
True,True,42,0.8340427311033285,5.504476520163765e-05,1.0,0
True,True,43,0.7512735411427329,0.00015344563673596524,1.0,0
True,True,44,0.8145488460381679,6.631005566004433e-05,1.0,0
True,True,45,0.8359237215972194,5.27861537083571e-05,1.0,0
True,True,46,0.8122015220529307,0.00028229714550277583,1.0,0
True,True,47,0.8595536550985176,7.664493115022261e-05,1.0,0
True,True,48,0.824789351406862,0.0001250018311693014,1.0,0
True,True,49,0.8233847215632437,9.544321289443842e-05,1.0,0
True,True,50,0.8176128362382029,0.00011098571345772807,1.0,0
True,True,51,0.8638152839156975,7.989716950376854e-05,1.0,0
True,True,52,0.8807170512716168,0.00018138235188949926,1.0,0
True,True,53,0.8408581099420118,0.00013470793806267829,1.0,0
True,True,54,0.8074163318948788,0.00013264317306873471,1.0,0
True,True,55,0.8614501967372248,0.0002185556341230644,1.0,0
True,True,56,0.7904373313056453,8.050150923789729e-05,1.0,0
True,True,57,0.8654649055966355,0.00010103194067236074,1.0,0
True,True,58,0.825030696746564,8.222211683124112e-05,1.0,0
True,True,59,0.8523444319518394,7.229451650019572e-05,1.0,0
True,True,60,0.871093213808458,0.00020440524346155553,1.0,0
True,True,61,0.8198556463496002,6.373082200325609e-05,1.0,0
True,True,62,0.8618425657664313,6.290265095322659e-05,1.0,0
True,True,63,0.834597032953339,8.606817106629167e-05,1.0,0
True,True,64,0.8480330183514133,7.249439640885469e-05,1.0,0
True,True,65,0.8090195036372441,7.613755054646116e-05,1.0,0
True,True,66,0.7438555593168287,8.660283391840976e-05,1.0,0
True,True,67,0.7990626685602488,0.00011688031843513772,1.0,0
True,True,68,0.844566921730985,4.863601472942032e-05,1.0,0
True,True,69,0.8505678337370077,9.060976675678782e-05,1.0,0
True,True,70,0.877606132914249,0.0001767520150655576,1.0,0
True,True,71,0.8246749010941139,0.00011138649861486208,1.0,0
True,True,72,0.8464622436569738,0.00023837210756359384,1.0,0
True,True,73,0.859148700433634,0.000238165852201616,1.0,0
True,True,74,0.8069376390517268,0.00031939927928590397,1.0,0
True,True,75,0.7928113710329405,0.00011992375817868404,1.0,0
True,True,76,0.8260775493726882,0.00012967315404377458,1.0,0
True,True,77,0.8827528612353435,7.661827091252279e-05,1.0,0
True,True,78,0.8528928341197282,0.00025065327986954343,1.0,0
True,True,79,0.8310923444848497,0.00017982767912435804,1.0,0
True,True,80,0.8115457464585241,0.00014039343093565738,1.0,0
True,True,81,0.8298293561248345,8.282526171081805e-05,1.0,0
True,True,82,0.8585461088178364,4.575887445445745e-05,1.0,0
True,True,83,0.8343579183920957,0.00015323678959174266,1.0,0
True,True,84,0.8516908505658858,0.00020947797917593281,1.0,0
True,True,85,0.8434306343322129,8.654413670205089e-05,1.0,0
True,True,86,0.8266616968276879,0.00020522838348475486,1.0,0
True,True,87,0.8350084450912632,0.0001515566112116355,1.0,0
True,True,88,0.8672661584117622,0.00019859033623634043,1.0,0
True,True,89,0.8154146072782682,0.0001582129499388527,1.0,0
True,True,90,0.8488104235558631,0.00014600510376662007,1.0,0
True,True,91,0.7646023283459772,6.25485570867616e-05,1.0,0
True,True,92,0.8176165534365113,0.00010987658948540422,1.0,0
True,True,93,0.8312527514747814,0.00012015089048334144,1.0,0
True,True,94,0.8449033263070369,0.0001396818378489204,1.0,0
True,True,95,0.8444990506392631,0.0002602358561238234,1.0,0
True,True,96,0.7934114118605091,0.00014150275038267047,1.0,0
True,True,97,0.8621180711860543,4.72516231595498e-05,1.0,0
True,True,98,0.8404451841402822,5.8850301296121814e-05,1.0,0
True,True,99,0.7973615553369466,0.0002481984878125936,1.0,0
True,False,0,0.2327905011017314,3.678246312502377e-05,-0.09999999999999998,1
True,False,1,0.23627818191648045,7.122773609623098e-05,0.5,1
True,False,2,0.23246444152654427,8.921876228015847e-05,-0.7000000000000001,1
True,False,3,0.22014804794272577,5.030641540847503e-05,0.7,1
True,False,4,0.22628072357057138,4.9168261298281014e-05,0.6000000000000001,1
True,False,5,0.2023754026968258,2.218411977054274e-05,-0.30000000000000004,1
True,False,6,0.2033619587510585,3.7800896036766714e-05,-0.4000000000000001,1
True,False,7,0.20915239341861505,8.372017133838087e-05,0.7000000000000001,1
True,False,8,0.22071934099124796,6.0047099583019425e-05,0.9,1
True,False,9,0.22641219936563817,5.104855337397216e-05,0.6000000000000001,1
True,False,10,0.23101277456073405,7.575050218970539e-05,0.8,1
True,False,11,0.21607743234398852,5.839632451511595e-05,0.30000000000000004,1
True,False,12,0.21742142621786203,4.046599960896739e-05,0.10000000000000003,1
True,False,13,0.21526057794186396,0.00010430072257924733,0.0,1
True,False,14,0.2097551822449505,8.102601467929133e-05,-0.6,1
True,False,15,0.2105680725590155,4.380665420234903e-05,0.0,1
True,False,16,0.2268954612218057,5.6868169971120706e-05,-0.1,1
True,False,17,0.21794717136325156,4.47574916003305e-05,0.0,1
True,False,18,0.20735567764413942,5.4728999412058376e-05,0.7,1
True,False,19,0.21990449054671848,0.00011315535391912564,0.5000000000000001,1
True,False,20,0.2178036218693782,6.898585434585757e-05,0.8,1
True,False,21,0.22297514577463412,7.050487117979962e-05,0.6000000000000001,1
True,False,22,0.2069455552031325,7.309257323955398e-05,-0.30000000000000004,1
True,False,23,0.2222801747742381,3.11539804221563e-05,0.2,1
True,False,24,0.21538590532055585,6.673466534321004e-05,0.9000000000000001,1
True,False,25,0.21486757708859017,5.349173817742072e-05,-0.6000000000000001,1
True,False,26,0.2138194926977116,4.0748243910919237e-05,-0.6000000000000001,1
True,False,27,0.22285919985792674,5.994050951103295e-05,0.4,1
True,False,28,0.23445336806439648,5.744730731314485e-05,-0.10000000000000003,1
True,False,29,0.19265028886939506,8.078767447826397e-05,-0.30000000000000004,1
True,False,30,0.21528720188160758,8.87396152720403e-05,-0.2,1
True,False,31,0.21245916012459568,5.727634455611318e-05,0.30000000000000004,1
True,False,32,0.18828488172127572,3.067455622487875e-05,0.30000000000000004,1
True,False,33,0.21249286353740393,5.913524472379796e-05,0.0,1
True,False,34,0.19411219502040325,7.842103030666374e-05,0.0,1
True,False,35,0.22289848334668394,7.428733278248762e-05,-0.6000000000000001,1
True,False,36,0.2031959736345759,0.00013439033596346757,-0.7000000000000001,1
True,False,37,0.21759173894902217,7.095381121702271e-05,-0.7,1
True,False,38,0.21651430633742155,9.577085031384383e-05,0.4000000000000001,1
True,False,39,0.21295791544167791,6.049154845487742e-05,0.2,1
True,False,40,0.18891517462681376,4.931679949511596e-05,0.3,1
True,False,41,0.209125675874457,8.894539697043966e-05,0.5000000000000001,1
True,False,42,0.21798225792795461,4.0298384576168646e-05,1.0,0
True,False,43,0.21759728462987565,0.00010685060944185895,-0.4,1
True,False,44,0.18610134261583455,6.007407329285019e-05,0.7000000000000001,1
True,False,45,0.22589318999827773,6.591652493738995e-05,0.1,1
True,False,46,0.21894368791409105,0.00012462676088820977,-0.10000000000000003,1
True,False,47,0.2072021604180692,6.501347258113446e-05,0.2,1
True,False,48,0.21823525194695947,9.794297642091639e-05,0.5000000000000001,1
True,False,49,0.23240619083523076,6.413317102559079e-05,0.0,1
True,False,50,0.19978592487835678,5.972763330936341e-05,-0.10000000000000003,1
True,False,51,0.21622849233782196,5.814556775632631e-05,0.9,1
True,False,52,0.22518586680067393,7.775194874789013e-05,-0.30000000000000004,1
True,False,53,0.2142442032202082,8.211891222404789e-05,0.0,1
True,False,54,0.19068641254000038,5.5922073272217935e-05,0.2,1
True,False,55,0.21422165440352203,9.760652618217089e-05,-0.7,1
True,False,56,0.20521847839529073,3.54526509205622e-05,0.4,1
True,False,57,0.22049905241438564,5.226617847776742e-05,0.0,1
True,False,58,0.22086649957517393,0.00014404202836069944,-0.6000000000000001,1
True,False,59,0.20975026388432497,2.9083122053836865e-05,0.1,1
True,False,60,0.22106941283383874,0.00012674872040737138,0.0,1
True,False,61,0.20231691387372275,4.060190824005019e-05,0.10000000000000003,1
True,False,62,0.22352659391899918,9.274438860130216e-05,0.6000000000000001,1
True,False,63,0.20982715250178674,4.8953449609876e-05,0.1,1
True,False,64,0.20661213808990253,5.2628030493197063e-05,-0.6000000000000001,1
True,False,65,0.21474900463074953,5.103137785076209e-05,-0.4000000000000001,1
True,False,66,0.19534466719882765,7.933390190772371e-05,-0.7000000000000001,1
True,False,67,0.20518963429126613,0.00012192651883209229,0.3,1
True,False,68,0.22493858969881547,4.539388511038458e-05,0.6000000000000001,1
True,False,69,0.19958512711186208,7.343477931026107e-05,-0.2,1
True,False,70,0.22393708625371817,5.466084745630329e-05,0.30000000000000004,1
True,False,71,0.20046014761240108,7.445734625982921e-05,0.6000000000000001,1
True,False,72,0.21061248204436273,0.00010005900659342477,-0.3,1
True,False,73,0.21177927167706076,6.889040937639884e-05,0.5,1
True,False,74,0.22032991500643725,0.00015683974906063167,0.9,1
True,False,75,0.21634797112943643,4.783135277565964e-05,0.9,1
True,False,76,0.20011971375589838,5.029865548317192e-05,-0.1,1
True,False,77,0.22890011211318395,4.947149958066043e-05,0.8,1
True,False,78,0.24129355757202464,0.00010550683579170709,0.30000000000000004,1
True,False,79,0.20146815339125354,3.809889141531496e-05,-0.2,1
True,False,80,0.20935900422896664,4.767243038078646e-05,0.0,1
True,False,81,0.20244713177464854,4.021316154112295e-05,0.5,1
True,False,82,0.2314950992712242,4.318043485921956e-05,-0.8,1
True,False,83,0.2259267232077989,5.633101578398272e-05,0.30000000000000004,1
True,False,84,0.21244814614262233,7.086009271262711e-05,0.4000000000000001,1
True,False,85,0.22623714425136013,5.8777733206646266e-05,0.1,1
True,False,86,0.19916238879803366,0.00011239499865897594,-0.30000000000000004,1
True,False,87,0.21205060078666027,9.022096043789923e-05,-0.8,1
True,False,88,0.2214852116180237,5.743225168870939e-05,-0.7000000000000001,1
True,False,89,0.22312234222985022,0.00010634302642392547,0.09999999999999998,1
True,False,90,0.21804599916189052,9.110871768840952e-05,-0.4000000000000001,1
True,False,91,0.19664946042567658,4.6740832642498945e-05,0.1,1
True,False,92,0.1947176596200843,6.342268405082674e-05,-0.3,1
True,False,93,0.19520855845193297,4.4365382118589564e-05,-0.7000000000000001,1
True,False,94,0.2216154892574124,8.954060126105157e-05,0.30000000000000004,1
True,False,95,0.21394175528177553,7.849015369327802e-05,0.3000000000000001,1
True,False,96,0.2159262172763871,3.469958118898524e-05,0.8,1
True,False,97,0.2171804952303537,4.3188346232175865e-05,0.5,1
True,False,98,0.22726988670867296,7.556760974244587e-05,-0.9000000000000001,1
True,False,99,0.2112281656245426,9.197335020042952e-05,0.10000000000000003,1
False,True,0,0.28062640327829835,0.10233058542067235,0.0,1
False,True,1,0.29443171988562644,0.24634441877300844,-0.5,1
False,True,2,0.2934515705985718,0.4502593547115802,-0.3,1
False,True,3,0.3014106385597318,0.4514366953603093,0.5,1
False,True,4,0.2870705440296317,0.3696529510291531,0.8,1
False,True,5,0.2849119281147452,0.3554580397690497,0.6,1
False,True,6,0.2775275232914184,0.14075268739435892,-0.30000000000000004,1
False,True,7,0.3052704500021943,0.31534597035640843,-0.2,1
False,True,8,0.30716906989238163,0.366062238611553,0.6000000000000001,1
False,True,9,0.2858959135838153,0.2098540453379744,-0.30000000000000004,1
False,True,10,0.27853237627111954,0.28796897354427187,0.1,1
False,True,11,0.29527745509312886,0.5065271573393365,-0.4,1
False,True,12,0.30213999591838736,0.4480352173505372,0.6000000000000001,1
False,True,13,0.2971360258941581,0.16737428135688526,-0.3,1
False,True,14,0.2876460320125138,0.32533301608591036,0.6000000000000001,1
False,True,15,0.274498958817436,0.35367100124163503,0.5,1
False,True,16,0.2885889256726657,0.3342454340073574,0.5,1
False,True,17,0.3054480190328063,0.34302969405431283,0.10000000000000003,1
False,True,18,0.28151049211644086,0.4406626974420203,-0.5,1
False,True,19,0.2970049335057549,0.31964292253520565,-0.3,1
False,True,20,0.2849464569180319,0.2584090358664173,-0.30000000000000004,1
False,True,21,0.30615512236293646,0.725060935819884,-0.2,1
False,True,22,0.26820258179964485,0.15879713021716568,0.0,1
False,True,23,0.2950583538471295,0.4949596054901259,-0.30000000000000004,1
False,True,24,0.28658255977989666,0.5305028311132584,0.2,1
False,True,25,0.29122793412406356,0.3699097108197595,-0.7,1
False,True,26,0.2925815509117071,0.1992278270577391,0.30000000000000004,1
False,True,27,0.2881086137291219,0.514828003551509,-0.2,1
False,True,28,0.2947582641003757,0.4585954343447999,0.8,1
False,True,29,0.29431303763070404,0.39004199927903926,-0.2,1
False,True,30,0.2883500506477631,0.4362674497654976,0.5000000000000001,1
False,True,31,0.2920220464763782,0.3533421812477157,-0.30000000000000004,1
False,True,32,0.2980961309558725,0.09261240443109417,-0.20000000000000004,1
False,True,33,0.30232715567611823,0.3528914401932816,-0.5,1
False,True,34,0.3009341883857245,0.1845603128010432,0.7,1
False,True,35,0.3016051602214299,0.2639554214540398,-0.4000000000000001,1
False,True,36,0.295000864311465,0.17989516540535674,-0.5,1
False,True,37,0.27580093902493935,0.42433225279184594,-0.6000000000000001,1
False,True,38,0.31491405837465797,0.4651608383980488,-0.09999999999999998,1
False,True,39,0.2738918833576521,0.41264291248732027,-0.2,1
False,True,40,0.2740944113739681,0.3983462182621496,-0.6000000000000001,1
False,True,41,0.3009289455143217,0.5248820273689969,-0.5,1
False,True,42,0.29060663011288684,0.478706095941205,0.2,1
False,True,43,0.28899718666349383,0.21655341293598585,-0.2,1
False,True,44,0.30990417603425985,0.34462744325588196,-0.3,1
False,True,45,0.30928589354143865,0.45700836228686503,0.1,1
False,True,46,0.30079497082970974,0.37576523155943203,-0.4,1
False,True,47,0.27569424726445735,0.5920630013692888,0.6,1
False,True,48,0.29851211100222885,0.24102859445607647,-0.30000000000000004,1
False,True,49,0.29101401418369444,0.3244264093830497,0.30000000000000004,1
False,True,50,0.3038432872025784,0.47332508898027026,0.2,1
False,True,51,0.2781222540703232,0.3156702514137023,0.1,1
False,True,52,0.30203719282000663,0.6034809340004792,0.0,1
False,True,53,0.3025697484619631,0.5808435041368444,0.20000000000000004,1
False,True,54,0.28979430079735136,0.3785267580812716,-0.4,1
False,True,55,0.28878118402567826,0.202950083737614,0.7,1
False,True,56,0.3042461506988109,0.3247139002461112,0.5,1
False,True,57,0.29549927827873035,0.2997166453977712,0.7000000000000001,1
False,True,58,0.28971847413739954,0.15354225351718523,0.30000000000000004,1
False,True,59,0.28081346228238036,0.27661801662129065,0.5000000000000001,1
False,True,60,0.28389770421983684,0.32882968327790446,-0.8,1
False,True,61,0.30511175529651696,0.5064606420602511,0.30000000000000004,1
False,True,62,0.30942325574276686,0.48827180895507344,-0.4,1
False,True,63,0.27828033372089506,0.4603316274498852,0.1,1
False,True,64,0.2803349748962875,0.6400188733119196,-0.1,1
False,True,65,0.2823502162149877,0.43161633504745367,0.2,1
False,True,66,0.2909187113423029,0.2917681728636006,0.1,1
False,True,67,0.2956412955264029,0.45108646926228346,-0.1,1
False,True,68,0.28965826265772393,0.3397444970797598,-0.10000000000000003,1
False,True,69,0.31295760289880153,0.5802966758486914,0.5,1
False,True,70,0.28624734132200585,0.4003756740329307,0.6000000000000001,1
False,True,71,0.2996248269378216,0.263013699342936,0.30000000000000004,1
False,True,72,0.30431927056945096,0.8480376015915181,0.0,1
False,True,73,0.3095228193651567,0.32189658028126816,0.20000000000000004,1
False,True,74,0.2992244732577417,0.4881728004007926,0.8,1
False,True,75,0.29092576880152904,0.24688567275683843,0.30000000000000004,1
False,True,76,0.28529275032748314,0.21772417507502723,0.5,1
False,True,77,0.30539728987836295,0.47081281997843955,-0.7000000000000001,1
False,True,78,0.2948515473901641,0.2349934424619344,-0.1,1
False,True,79,0.2962896895414139,0.37974322209215533,-0.6,1
False,True,80,0.28445768393362136,0.3768282744637595,-0.2,1
False,True,81,0.2959414746762864,0.39521353248624885,-0.5,1
False,True,82,0.2881257881958251,0.059253862144328685,0.9,1
False,True,83,0.31877479200481246,0.4208845300707255,0.6,1
False,True,84,0.2739737263404644,0.35637338242302874,-0.30000000000000004,1
False,True,85,0.2898245164765996,0.340768827580839,-0.5,1
False,True,86,0.29120233716236743,0.4992834616998665,-0.10000000000000003,1
False,True,87,0.2938058544821983,0.4542017561551296,-0.30000000000000004,1
False,True,88,0.29011408589844734,0.4667845391329746,-0.5,1
False,True,89,0.27929461586049514,0.3989574120687621,0.0,1
False,True,90,0.302906228729191,0.5516058230283108,-0.20000000000000004,1
False,True,91,0.31069753797727573,0.2775621629741371,0.7000000000000001,1
False,True,92,0.31094125361304614,0.359803937291237,0.7000000000000001,1
False,True,93,0.3035306374713798,0.1667888515948538,0.7000000000000001,1
False,True,94,0.3100338787364833,0.21174957196812552,0.6,1
False,True,95,0.2780037220886054,0.3175347523877788,0.6000000000000001,1
False,True,96,0.2988602738373471,0.24645427119484378,0.5,1
False,True,97,0.3002551452916171,1.041707435514534,0.1,1
False,True,98,0.27902916826243224,0.3020595867230634,0.4,1
False,True,99,0.29620152109756204,0.32338855322926735,-0.6000000000000001,1
False,False,0,0.05833417680653017,0.00027180998521491304,-0.5,1
False,False,1,0.061421501177068294,0.00037363262187686065,0.5,1
False,False,2,0.069366908926427,0.00048081965614680546,0.6000000000000001,1
False,False,3,0.06680725828536326,0.00040908875580270097,0.4,1
False,False,4,0.06569917877678533,0.0004985095138422002,-0.4,1
False,False,5,0.06628626965581479,0.00043039668784230687,0.30000000000000004,1
False,False,6,0.05955348414345969,0.00032665969969777154,-0.6000000000000001,1
False,False,7,0.06701090115959626,0.0005072776787124746,0.09999999999999998,1
False,False,8,0.06916615830124301,0.0003580864346578633,-0.2,1
False,False,9,0.07082385873411168,0.00039234435060794083,-0.2,1
False,False,10,0.0504904669090624,0.0002405541639588308,-0.9,1
False,False,11,0.06363707532642632,0.00041487430435733,-0.8,1
False,False,12,0.05905137433266958,0.00042911850914282077,-0.6000000000000001,1
False,False,13,0.0665311918056361,0.0004691554757445763,0.7000000000000001,1
False,False,14,0.06887223219562505,0.0004943979278068695,-0.1,1
False,False,15,0.07274908977949904,0.00048649119065336205,-0.2,1
False,False,16,0.07010904242442122,0.0003867216042687253,-0.3,1
False,False,17,0.07254625284638942,0.00047263267213338157,-0.3,1
False,False,18,0.0596095979111004,0.00037797193316039277,0.5,1
False,False,19,0.06624548043807409,0.00048096898222305617,-0.1,1
False,False,20,0.05772449999085703,0.00039853266140975905,0.7000000000000001,1
False,False,21,0.06441872272722664,0.0003922449716100169,0.10000000000000003,1
False,False,22,0.061893324209646494,0.00042942245855696263,0.6000000000000001,1
False,False,23,0.0654342558231325,0.0003975872988768363,-0.30000000000000004,1
False,False,24,0.062322758866729173,0.0003072704821691805,-0.1,1
False,False,25,0.06966178932115315,0.0004998704042238161,0.8,1
False,False,26,0.06785875206234962,0.00048106154511606705,-0.2,1
False,False,27,0.06311133220373882,0.00040751309652627463,0.6,1
False,False,28,0.06030807261985384,0.0003990553138160275,0.6000000000000001,1
False,False,29,0.059747493830303824,0.0003960191302062211,-0.7000000000000001,1
False,False,30,0.0594123344027496,0.0003353175500567885,0.0,1
False,False,31,0.05890672717940036,0.0003622994708627494,0.1,1
False,False,32,0.06546275644262133,0.00038552419687248825,-0.7000000000000001,1
False,False,33,0.06852898460490038,0.00044349915311620524,0.20000000000000004,1
False,False,34,0.0660907598214508,0.00037806566782634454,-0.6000000000000001,1
False,False,35,0.06639202376858433,0.0004178081526489638,-0.2,1
False,False,36,0.0714277359086368,0.0004971624942614766,-0.4,1
False,False,37,0.06721481782339465,0.00034955185682489817,0.30000000000000004,1
False,False,38,0.06227096185813439,0.0003545065500864355,0.30000000000000004,1
False,False,39,0.0675120861366166,0.0004813170887134316,0.6000000000000001,1
False,False,40,0.06488901110186,0.00038605201168236586,-0.5,1
False,False,41,0.05997222554310174,0.0004303859314618258,0.6000000000000001,1
False,False,42,0.06293960587939484,0.0005537876779590341,0.5,1
False,False,43,0.06541511778926572,0.00047966227121127154,-1.0,1
False,False,44,0.0731191654421426,0.0005106261298524951,0.5,1
False,False,45,0.06661597000803485,0.0004106878025930768,0.6000000000000001,1
False,False,46,0.059812192986963525,0.00034638770975599327,-0.6000000000000001,1
False,False,47,0.07015094171779057,0.0004936187768743559,0.7000000000000001,1
False,False,48,0.059354885669316966,0.0003589843957875898,0.10000000000000003,1
False,False,49,0.05663700483374703,0.00035859179969743735,0.1,1
False,False,50,0.061167130031395636,0.00035824608704245386,0.09999999999999998,1
False,False,51,0.06331988469061284,0.00038851668996005685,-0.6000000000000001,1
False,False,52,0.06610816192694194,0.0004286130524975548,0.10000000000000003,1
False,False,53,0.06583684591361645,0.0004390236466258389,0.7000000000000001,1
False,False,54,0.06612150226483629,0.0004804477512916244,0.4,1
False,False,55,0.0629504242902108,0.0004958918323039584,0.5,1
False,False,56,0.061006766645058816,0.00039569384199117217,-0.10000000000000003,1
False,False,57,0.07071854745011184,0.00048167717703516074,0.7000000000000001,1
False,False,58,0.0672009292272688,0.0005199122261270719,0.09999999999999998,1
False,False,59,0.06693587745529814,0.0004589953889714565,-0.5000000000000001,1
False,False,60,0.06356312398306398,0.00046409256165788767,0.5000000000000001,1
False,False,61,0.06280382603187792,0.0004184432063848368,0.7000000000000001,1
False,False,62,0.06319053387465062,0.0004215678883280051,-0.30000000000000004,1
False,False,63,0.06346719551313094,0.0003674612568934571,0.1,1
False,False,64,0.06301793061863706,0.0003449026937633918,0.30000000000000004,1
False,False,65,0.06128129252488612,0.0003372528607046246,0.6000000000000001,1
False,False,66,0.06626621039803822,0.00043183761721607325,-0.6000000000000001,1
False,False,67,0.06697986480277751,0.0003921757068419315,-0.5,1
False,False,68,0.056966058424235265,0.0002864424180004024,-0.7,1
False,False,69,0.05939881547306709,0.0005325430002667078,0.09999999999999998,1
False,False,70,0.06349605741186436,0.00038312713772487863,-0.30000000000000004,1
False,False,71,0.0734429630365513,0.0004997666891888852,-0.09999999999999998,1
False,False,72,0.06023292237539128,0.00041215356608203835,-1.0,1
False,False,73,0.05985465205129651,0.0003516593895433033,-0.10000000000000003,1
False,False,74,0.06574625315878893,0.00036877183598895064,-0.6000000000000001,1
False,False,75,0.06442186057292029,0.0003896321726921078,0.0,1
False,False,76,0.05880675300070167,0.00040856077959797166,-0.4000000000000001,1
False,False,77,0.06580917770959384,0.0003986177290549185,0.2,1
False,False,78,0.06854025172900097,0.0003862742033978144,0.8,1
False,False,79,0.06406814023349296,0.00046856245917114057,-0.30000000000000004,1
False,False,80,0.0629041194450019,0.0003645110102885063,0.2,1
False,False,81,0.062229433412580804,0.0003957496006017187,-0.5,1
False,False,82,0.06468632286144183,0.00033844754845386416,0.7000000000000001,1
False,False,83,0.06862633469349899,0.0003946773492422313,0.6000000000000001,1
False,False,84,0.06847057320084765,0.0004701578935650052,0.6000000000000001,1
False,False,85,0.06441971435594523,0.0005211961805342995,0.8,1
False,False,86,0.0639272043622566,0.00044100925194147394,0.2,1
False,False,87,0.06709221182194842,0.0004466286730656426,-0.30000000000000004,1
False,False,88,0.06229923290126245,0.0003895938393900879,0.8,1
False,False,89,0.060914140612098426,0.00042623086581138856,-0.2,1
False,False,90,0.06543386087478266,0.0004308515656854172,-0.30000000000000004,1
False,False,91,0.06295894042866554,0.00040003918443084184,-0.30000000000000004,1
False,False,92,0.06714314681106558,0.0003947464110472017,0.8,1
False,False,93,0.06072290415887445,0.0003434194023229541,0.5000000000000001,1
False,False,94,0.06114452222860331,0.000309863251394417,0.6000000000000001,1
False,False,95,0.06980584212316834,0.0004543499665607319,-0.5000000000000001,1
False,False,96,0.07123746404148176,0.0004693794780971384,-0.30000000000000004,1
False,False,97,0.05678889420971355,0.0002811344443002742,-0.30000000000000004,1
False,False,98,0.06274905821216858,0.0003647850224126912,0.5000000000000001,1
False,False,99,0.06416414314042451,0.00042993284171129084,0.10000000000000003,1
